158
172
108
120
144
126
118
135
105
83
131
132
195
175
155
92
130
172
112
124
135
118
122
124
134
176
168
131
158
127
184
96
90
160
102
73
86
191
170
118
117
138
105
133
203
104
145
194
89
172
156
130
133
119
92
75
144
117
123
146
67
125
163
124
184
110
107
115
124
162
153
91
54
222
156
141
212
113
117
108
116
150
124
151
117
200
121
131
225
197
122
145
174
117
104
102
131
150
111
90
125
148
112
107
128
124
111
98
98
161
135
136
163
145
144
70
138
101
137
102
94
153
93
63
92
90
153
125
119
137
153
96
187
106
105
142
149
68
79
107
148
111
73
147
61
135
139
131
144
63
104
103
93
99
178
145
102
68
109
161
154
92
107
90
101
140
105
79
102
190
110
105
245
91
98
97
130
123
71
166
114
97
102
112
95
117
88
168
76
100
62
175
99
138
127
112
162
101
146
87
162
96
156
111
79
133
76
64
194
113
109
114
121
65
101
122
75
74
137
78
121
84
165
97
110
152
129
136
149
116
119
89
200
102
161
137
114
113
96
103
125
157
140
138
115
121
207
109
70
129
98
100
92
160
149
144
111
124
155
110
139
170
117
139
88
111
176
116
135
73
112
78
197
89
78
131
95
84
131
57
115
146
90
146
108
137
73
117
158
76
123
93
130
130
90
116
161
178
104
181
131
125
94
142
122
146
135
157
103
100
128
92
128
104
116
102
109
98
110
139
154
68
141
127
128
82
128
145
41
134
125
134
165
149
141
101
113
127
146
97
71
138
168
52
159
131
118
152
89
130
104
116
75
146
118
156
136
190
111
189
108
79
140
118
137
181
214
132
197
115
113
132
194
116
115
114
152
231
177
155
140
154
157
201
155
134
123
138
218
42
91
216
128
137
117
133
118
141
94
94
158
126
63
146
196
97
85
124
205
188
179
96
105
151
141
103
131
143
134
162
104
181
167
144
146
108
79
104
186
127
148
40
218
137
121
142
123
167
130
105
100
144
122
175
166
121
128
235
115
137
130
178
107
122
160
186
153
116
146
114
136
98
115
199
133
119
172
105
170
32
153
128
196
162
120
231
130
119
148
217
111
197
115
115
120
93
136
168
103
160
108
168
211
71
110
109
174
104
170
98
158
191
137
114
104
120
133
131
159
49
173
103
108
147
153
120
133
195
103
129
101
126
99
119
224
122
129
66
131
146
95
140
76
135
179
126
212
116
136
156
124
81
124
113
131
157
173
111
198
198
178
137
130
174
95
160
113
203
217
131
173
155
132
139
118
168
109
174
101
215
123
166
147
120
135
112
121
83
136
110
161
142
144
228
207
113
111
120
119
131
106
123
159
87
135
128
159
133
109
117
143
127
195
199
101
107
121
180
134
123
116
